1.000000	50.010517
2.000000	50.021022
3.000000	50.031513
4.000000	50.041991
5.000000	50.052455
6.000000	50.062907
7.000000	50.073346
8.000000	50.083771
9.000000	50.094184
10.000000	50.104584
11.000000	50.114970
12.000000	50.125344
13.000000	50.135705
14.000000	50.146052
15.000000	50.156387
16.000000	50.166709
17.000000	50.177018
18.000000	50.187314
19.000000	50.197597
20.000000	50.207867
21.000000	50.218125
22.000000	50.228370
23.000000	50.238601
24.000000	50.248821
25.000000	50.259027
26.000000	50.269220
27.000000	50.279401
28.000000	50.289569
29.000000	50.299725
30.000000	50.309867
31.000000	50.319997
32.000000	50.330115
33.000000	50.340219
34.000000	50.350311
35.000000	50.360391
36.000000	50.370458
37.000000	50.380512
38.000000	50.390554
39.000000	50.400583
40.000000	50.410599
41.000000	50.420603
42.000000	50.430595
43.000000	50.440574
44.000000	50.450541
45.000000	50.460495
46.000000	50.470437
47.000000	50.480366
48.000000	50.490283
49.000000	50.500187
50.000000	50.510079
51.000000	50.519959
52.000000	50.529826
53.000000	50.539681
54.000000	50.549524
55.000000	50.559355
56.000000	50.569173
57.000000	50.578979
58.000000	50.588772
59.000000	50.598554
60.000000	50.608521
61.000000	50.618476
62.000000	50.628418
63.000000	50.638348
64.000000	50.648265
65.000000	50.658171
66.000000	50.668063
67.000000	50.677944
68.000000	50.687812
69.000000	50.697667
70.000000	50.707511
71.000000	50.717342
72.000000	50.727161
73.000000	50.736967
74.000000	50.746761
75.000000	50.756543
76.000000	50.766313
77.000000	50.776071
78.000000	50.785816
79.000000	50.795549
80.000000	50.805270
81.000000	50.814979
82.000000	50.824676
83.000000	50.834360
84.000000	50.844033
85.000000	50.853693
86.000000	50.863342
87.000000	50.872978
88.000000	50.882602
89.000000	50.892214
90.000000	50.901814
91.000000	50.911403
92.000000	50.920979
93.000000	50.930543
94.000000	50.940095
95.000000	50.949636
96.000000	50.959164
97.000000	50.968681
98.000000	50.978185
99.000000	50.987678
100.000000	50.997159
101.000000	51.006628
102.000000	51.016085
103.000000	51.025530
104.000000	51.034964
105.000000	51.044386
106.000000	51.053795
107.000000	51.063194
108.000000	51.072580
109.000000	51.081955
110.000000	51.091318
111.000000	51.100669
112.000000	51.110009
113.000000	51.119337
114.000000	51.128653
115.000000	51.137958
116.000000	51.147251
117.000000	51.156532
118.000000	51.165802
119.000000	51.175060
120.000000	51.184925
121.000000	51.194777
122.000000	51.204617
123.000000	51.214444
124.000000	51.224260
125.000000	51.234063
126.000000	51.243853
127.000000	51.253632
128.000000	51.263398
129.000000	51.273152
130.000000	51.282894
131.000000	51.292624
132.000000	51.302342
133.000000	51.312047
134.000000	51.321740
135.000000	51.331422
136.000000	51.341091
137.000000	51.350748
138.000000	51.360393
139.000000	51.370025
140.000000	51.379646
141.000000	51.389255
142.000000	51.398852
143.000000	51.408437
144.000000	51.418009
145.000000	51.427570
146.000000	51.437119
147.000000	51.446656
148.000000	51.456181
149.000000	51.465694
150.000000	51.475196
151.000000	51.484685
152.000000	51.494162
153.000000	51.503628
154.000000	51.513082
155.000000	51.522524
156.000000	51.531954
157.000000	51.541373
158.000000	51.550779
159.000000	51.560174
160.000000	51.569557
161.000000	51.578929
162.000000	51.588288
163.000000	51.597636
164.000000	51.606973
165.000000	51.616297
166.000000	51.625610
167.000000	51.634912
168.000000	51.644201
169.000000	51.653480
170.000000	51.662746
171.000000	51.672001
172.000000	51.681244
173.000000	51.690476
174.000000	51.699696
175.000000	51.708905
176.000000	51.718102
177.000000	51.727288
178.000000	51.736462
179.000000	51.745625
180.000000	51.755189
181.000000	51.764742
182.000000	51.774282
183.000000	51.783810
184.000000	51.793327
185.000000	51.802831
186.000000	51.812324
187.000000	51.821805
188.000000	51.831274
189.000000	51.840731
190.000000	51.850177
191.000000	51.859610
192.000000	51.869032
193.000000	51.878442
194.000000	51.887840
195.000000	51.897226
196.000000	51.906601
197.000000	51.915964
198.000000	51.925315
199.000000	51.934655
200.000000	51.943983
201.000000	51.953299
202.000000	51.962604
203.000000	51.971897
204.000000	51.981178
205.000000	51.990448
206.000000	51.999706
207.000000	52.008953
208.000000	52.018188
209.000000	52.027411
210.000000	52.036623
211.000000	52.045824
212.000000	52.055013
213.000000	52.064190
214.000000	52.073356
215.000000	52.082511
216.000000	52.091654
217.000000	52.100786
218.000000	52.109906
219.000000	52.119015
220.000000	52.128112
221.000000	52.137199
222.000000	52.146273
223.000000	52.155337
224.000000	52.164389
225.000000	52.173430
226.000000	52.182459
227.000000	52.191477
228.000000	52.200484
229.000000	52.209480
230.000000	52.218464
231.000000	52.227437
232.000000	52.236399
233.000000	52.245350
234.000000	52.254290
235.000000	52.263218
236.000000	52.272135
237.000000	52.281041
238.000000	52.289936
239.000000	52.298820
240.000000	52.308215
241.000000	52.317597
242.000000	52.326968
243.000000	52.336327
244.000000	52.345675
245.000000	52.355011
246.000000	52.364335
247.000000	52.373647
248.000000	52.382948
249.000000	52.392238
250.000000	52.401515
251.000000	52.410781
252.000000	52.420036
253.000000	52.429279
254.000000	52.438510
255.000000	52.447730
256.000000	52.456938
257.000000	52.466135
258.000000	52.475320
259.000000	52.484494
260.000000	52.493656
261.000000	52.502807
262.000000	52.511947
263.000000	52.521075
264.000000	52.530191
265.000000	52.539296
266.000000	52.548390
267.000000	52.557473
268.000000	52.566544
269.000000	52.575604
270.000000	52.584652
271.000000	52.593689
272.000000	52.602715
273.000000	52.611730
274.000000	52.620733
275.000000	52.629725
276.000000	52.638706
277.000000	52.647675
278.000000	52.656634
279.000000	52.665581
280.000000	52.674517
281.000000	52.683441
282.000000	52.692355
283.000000	52.701258
284.000000	52.710149
285.000000	52.719029
286.000000	52.727898
287.000000	52.736756
288.000000	52.745603
289.000000	52.754439
290.000000	52.763264
291.000000	52.772078
292.000000	52.780881
293.000000	52.789673
294.000000	52.798454
295.000000	52.807224
296.000000	52.815982
297.000000	52.824730
298.000000	52.833467
299.000000	52.842194
300.000000	52.851019
301.000000	52.859833
302.000000	52.868636
303.000000	52.877428
304.000000	52.886209
305.000000	52.894979
306.000000	52.903739
307.000000	52.912487
308.000000	52.921224
309.000000	52.929951
310.000000	52.938666
311.000000	52.947371
312.000000	52.956064
313.000000	52.964747
314.000000	52.973419
315.000000	52.982080
316.000000	52.990731
317.000000	52.999370
318.000000	53.007999
319.000000	53.016617
320.000000	53.025224
321.000000	53.033820
322.000000	53.042406
323.000000	53.050981
324.000000	53.059545
325.000000	53.068098
326.000000	53.076641
327.000000	53.085173
328.000000	53.093695
329.000000	53.102206
330.000000	53.110706
331.000000	53.119195
332.000000	53.127674
333.000000	53.136142
334.000000	53.144600
335.000000	53.153047
336.000000	53.161484
337.000000	53.169910
338.000000	53.178326
339.000000	53.186731
340.000000	53.195125
341.000000	53.203509
342.000000	53.211883
343.000000	53.220246
344.000000	53.228598
345.000000	53.236940
346.000000	53.245272
347.000000	53.253593
348.000000	53.261904
349.000000	53.270205
350.000000	53.278495
351.000000	53.286775
352.000000	53.295044
353.000000	53.303303
354.000000	53.311552
355.000000	53.319791
356.000000	53.328019
357.000000	53.336237
358.000000	53.344444
359.000000	53.352642
360.000000	53.360870
361.000000	53.369089
362.000000	53.377297
363.000000	53.385495
364.000000	53.393683
365.000000	53.401860
366.000000	53.410027
367.000000	53.418184
368.000000	53.426331
369.000000	53.434468
370.000000	53.442594
371.000000	53.450710
372.000000	53.458817
373.000000	53.466913
374.000000	53.474998
375.000000	53.483074
376.000000	53.491140
377.000000	53.499195
378.000000	53.507241
379.000000	53.515276
380.000000	53.523302
381.000000	53.531317
382.000000	53.539323
383.000000	53.547318
384.000000	53.555303
385.000000	53.563279
386.000000	53.571244
387.000000	53.579200
388.000000	53.587145
389.000000	53.595081
390.000000	53.603006
391.000000	53.610922
392.000000	53.618828
393.000000	53.626724
394.000000	53.634610
395.000000	53.642487
396.000000	53.650353
397.000000	53.658210
398.000000	53.666056
399.000000	53.673893
400.000000	53.681720
401.000000	53.689538
402.000000	53.697345
403.000000	53.705143
404.000000	53.712931
405.000000	53.720710
406.000000	53.728478
407.000000	53.736237
408.000000	53.743986
409.000000	53.751726
410.000000	53.759456
411.000000	53.767176
412.000000	53.774887
413.000000	53.782588
414.000000	53.790279
415.000000	53.797961
416.000000	53.805633
417.000000	53.813295
418.000000	53.820948
419.000000	53.828591
420.000000	53.836375
421.000000	53.844149
422.000000	53.851914
423.000000	53.859668
424.000000	53.867413
425.000000	53.875149
426.000000	53.882874
427.000000	53.890590
428.000000	53.898297
429.000000	53.905993
430.000000	53.913680
431.000000	53.921358
432.000000	53.929026
433.000000	53.936684
434.000000	53.944333
435.000000	53.951972
436.000000	53.959601
437.000000	53.967222
438.000000	53.974832
439.000000	53.982433
440.000000	53.990025
441.000000	53.997607
442.000000	54.005179
443.000000	54.012742
444.000000	54.020296
445.000000	54.027840
446.000000	54.035375
447.000000	54.042900
448.000000	54.050416
449.000000	54.057923
450.000000	54.065420
451.000000	54.072908
452.000000	54.080386
453.000000	54.087855
454.000000	54.095315
455.000000	54.102765
456.000000	54.110207
457.000000	54.117638
458.000000	54.125061
459.000000	54.132474
460.000000	54.139878
461.000000	54.147273
462.000000	54.154658
463.000000	54.162035
464.000000	54.169402
465.000000	54.176759
466.000000	54.184108
467.000000	54.191447
468.000000	54.198778
469.000000	54.206099
470.000000	54.213411
471.000000	54.220714
472.000000	54.228007
473.000000	54.235292
474.000000	54.242567
475.000000	54.249834
476.000000	54.257091
477.000000	54.264339
478.000000	54.271578
479.000000	54.278808
480.000000	54.286212
481.000000	54.293606
482.000000	54.300991
483.000000	54.308367
484.000000	54.315734
485.000000	54.323091
486.000000	54.330440
487.000000	54.337779
488.000000	54.345108
489.000000	54.352429
490.000000	54.359741
491.000000	54.367043
492.000000	54.374336
493.000000	54.381621
494.000000	54.388896
495.000000	54.396162
496.000000	54.403418
497.000000	54.410666
498.000000	54.417905
499.000000	54.425135
500.000000	54.432355
501.000000	54.439567
502.000000	54.446770
503.000000	54.453963
504.000000	54.461148
505.000000	54.468324
506.000000	54.475490
507.000000	54.482648
508.000000	54.489797
509.000000	54.496937
510.000000	54.504068
511.000000	54.511190
512.000000	54.518303
513.000000	54.525407
514.000000	54.532502
515.000000	54.539589
516.000000	54.546666
517.000000	54.553735
518.000000	54.560795
519.000000	54.567846
520.000000	54.574888
521.000000	54.581922
522.000000	54.588947
523.000000	54.595962
524.000000	54.602970
525.000000	54.609968
526.000000	54.616958
527.000000	54.623938
528.000000	54.630911
529.000000	54.637874
530.000000	54.644829
531.000000	54.651775
532.000000	54.658712
533.000000	54.665641
534.000000	54.672561
535.000000	54.679472
536.000000	54.686375
537.000000	54.693269
538.000000	54.700155
539.000000	54.707032
540.000000	54.713786
541.000000	54.720531
542.000000	54.727269
543.000000	54.733997
544.000000	54.740718
545.000000	54.747430
546.000000	54.754133
547.000000	54.760829
548.000000	54.767516
549.000000	54.774194
550.000000	54.780864
551.000000	54.787526
552.000000	54.794180
553.000000	54.800825
554.000000	54.807462
555.000000	54.814090
556.000000	54.820710
557.000000	54.827322
558.000000	54.833926
559.000000	54.840522
560.000000	54.847109
561.000000	54.853688
562.000000	54.860259
563.000000	54.866821
564.000000	54.873376
565.000000	54.879922
566.000000	54.886460
567.000000	54.892990
568.000000	54.899511
569.000000	54.906025
570.000000	54.912530
571.000000	54.919027
572.000000	54.925516
573.000000	54.931997
574.000000	54.938470
575.000000	54.944935
576.000000	54.951392
577.000000	54.957841
578.000000	54.964281
579.000000	54.970714
580.000000	54.977138
581.000000	54.983555
582.000000	54.989963
583.000000	54.996363
584.000000	55.002756
585.000000	55.009140
586.000000	55.015517
587.000000	55.021885
588.000000	55.028246
589.000000	55.034598
590.000000	55.040943
591.000000	55.047280
592.000000	55.053609
593.000000	55.059930
594.000000	55.066242
595.000000	55.072548
596.000000	55.078845
597.000000	55.085134
598.000000	55.091416
599.000000	55.097689
600.000000	55.104566
601.000000	55.111435
602.000000	55.118295
603.000000	55.125147
604.000000	55.131990
605.000000	55.138824
606.000000	55.145650
607.000000	55.152467
608.000000	55.159276
609.000000	55.166076
610.000000	55.172868
611.000000	55.179651
612.000000	55.186426
613.000000	55.193192
614.000000	55.199950
615.000000	55.206700
616.000000	55.213441
617.000000	55.220173
618.000000	55.226897
619.000000	55.233613
620.000000	55.240321
621.000000	55.247019
622.000000	55.253710
623.000000	55.260392
624.000000	55.267066
625.000000	55.273732
626.000000	55.280389
627.000000	55.287038
628.000000	55.293678
629.000000	55.300311
630.000000	55.306935
631.000000	55.313550
632.000000	55.320158
633.000000	55.326757
634.000000	55.333348
635.000000	55.339931
636.000000	55.346505
637.000000	55.353071
638.000000	55.359629
639.000000	55.366179
640.000000	55.372721
641.000000	55.379254
642.000000	55.385779
643.000000	55.392297
644.000000	55.398806
645.000000	55.405306
646.000000	55.411799
647.000000	55.418284
648.000000	55.424760
649.000000	55.431229
650.000000	55.437689
651.000000	55.444141
652.000000	55.450586
653.000000	55.457022
654.000000	55.463450
655.000000	55.469870
656.000000	55.476282
657.000000	55.482686
658.000000	55.489082
659.000000	55.495470
660.000000	55.502801
661.000000	55.510122
662.000000	55.517435
663.000000	55.524738
664.000000	55.532032
665.000000	55.539317
666.000000	55.546593
667.000000	55.553860
668.000000	55.561117
669.000000	55.568366
670.000000	55.575606
671.000000	55.582836
672.000000	55.590058
673.000000	55.597270
674.000000	55.604474
675.000000	55.611668
676.000000	55.618854
677.000000	55.626030
678.000000	55.633198
679.000000	55.640356
680.000000	55.647506
681.000000	55.654647
682.000000	55.661778
683.000000	55.668901
684.000000	55.676015
685.000000	55.683120
686.000000	55.690216
687.000000	55.697304
688.000000	55.704382
689.000000	55.711452
690.000000	55.718512
691.000000	55.725564
692.000000	55.732607
693.000000	55.739642
694.000000	55.746667
695.000000	55.753684
696.000000	55.760692
697.000000	55.767691
698.000000	55.774682
699.000000	55.781663
700.000000	55.788636
701.000000	55.795600
702.000000	55.802556
703.000000	55.809503
704.000000	55.816441
705.000000	55.823371
706.000000	55.830291
707.000000	55.837204
708.000000	55.844107
709.000000	55.851002
710.000000	55.857888
711.000000	55.864766
712.000000	55.871635
713.000000	55.878496
714.000000	55.885348
715.000000	55.892191
716.000000	55.899026
717.000000	55.905852
718.000000	55.912670
719.000000	55.919479
720.000000	55.926390
721.000000	55.933293
722.000000	55.940186
723.000000	55.947071
724.000000	55.953948
725.000000	55.960816
726.000000	55.967675
727.000000	55.974526
728.000000	55.981368
729.000000	55.988202
730.000000	55.995027
731.000000	56.001843
732.000000	56.008652
733.000000	56.015451
734.000000	56.022242
735.000000	56.029025
736.000000	56.035799
737.000000	56.042564
738.000000	56.049322
739.000000	56.056070
740.000000	56.062811
741.000000	56.069542
742.000000	56.076266
743.000000	56.082981
744.000000	56.089687
745.000000	56.096386
746.000000	56.103076
747.000000	56.109757
748.000000	56.116430
749.000000	56.123095
750.000000	56.129752
751.000000	56.136400
752.000000	56.143040
753.000000	56.149671
754.000000	56.156294
755.000000	56.162909
756.000000	56.169516
757.000000	56.176115
758.000000	56.182705
759.000000	56.189287
760.000000	56.195861
761.000000	56.202426
762.000000	56.208983
763.000000	56.215533
764.000000	56.222074
765.000000	56.228606
766.000000	56.235131
767.000000	56.241647
768.000000	56.248156
769.000000	56.254656
770.000000	56.261148
771.000000	56.267632
772.000000	56.274108
773.000000	56.280575
774.000000	56.287035
775.000000	56.293487
776.000000	56.299930
777.000000	56.306365
778.000000	56.312793
779.000000	56.319212
780.000000	56.325872
781.000000	56.332523
782.000000	56.339166
783.000000	56.345800
784.000000	56.352426
785.000000	56.359044
786.000000	56.365654
787.000000	56.372255
788.000000	56.378849
789.000000	56.385433
790.000000	56.392010
791.000000	56.398579
792.000000	56.405139
793.000000	56.411691
794.000000	56.418235
795.000000	56.424770
796.000000	56.431298
797.000000	56.437817
798.000000	56.444328
799.000000	56.450831
800.000000	56.457326
801.000000	56.463813
802.000000	56.470292
803.000000	56.476762
804.000000	56.483225
805.000000	56.489679
806.000000	56.496126
807.000000	56.502564
808.000000	56.508994
809.000000	56.515417
810.000000	56.521831
811.000000	56.528237
812.000000	56.534635
813.000000	56.541025
814.000000	56.547407
815.000000	56.553782
816.000000	56.560148
817.000000	56.566506
818.000000	56.572857
819.000000	56.579199
820.000000	56.585533
821.000000	56.591860
822.000000	56.598179
823.000000	56.604489
824.000000	56.610792
825.000000	56.617087
826.000000	56.623374
827.000000	56.629654
828.000000	56.635925
829.000000	56.642188
830.000000	56.648444
831.000000	56.654692
832.000000	56.660932
833.000000	56.667165
834.000000	56.673389
835.000000	56.679606
836.000000	56.685815
837.000000	56.692016
838.000000	56.698209
839.000000	56.704395
840.000000	56.711194
841.000000	56.717985
842.000000	56.724767
843.000000	56.731541
844.000000	56.738306
845.000000	56.745063
846.000000	56.751811
847.000000	56.758551
848.000000	56.765282
849.000000	56.772005
850.000000	56.778720
851.000000	56.785426
852.000000	56.792124
853.000000	56.798814
854.000000	56.805495
855.000000	56.812168
856.000000	56.818832
857.000000	56.825488
858.000000	56.832136
859.000000	56.838775
860.000000	56.845407
861.000000	56.852030
862.000000	56.858644
863.000000	56.865250
864.000000	56.871849
865.000000	56.878438
866.000000	56.885020
867.000000	56.891593
868.000000	56.898159
869.000000	56.904715
870.000000	56.911264
871.000000	56.917805
872.000000	56.924337
873.000000	56.930861
874.000000	56.937377
875.000000	56.943885
876.000000	56.950385
877.000000	56.956877
878.000000	56.963360
879.000000	56.969836
880.000000	56.976303
881.000000	56.982763
882.000000	56.989214
883.000000	56.995657
884.000000	57.002092
885.000000	57.008519
886.000000	57.014938
887.000000	57.021349
888.000000	57.027752
889.000000	57.034147
890.000000	57.040534
891.000000	57.046913
892.000000	57.053284
893.000000	57.059647
894.000000	57.066002
895.000000	57.072349
896.000000	57.078688
897.000000	57.085020
898.000000	57.091343
899.000000	57.097658
900.000000	57.103966
901.000000	57.110266
902.000000	57.116558
903.000000	57.122841
904.000000	57.129118
905.000000	57.135386
906.000000	57.141646
907.000000	57.147899
908.000000	57.154144
909.000000	57.160381
910.000000	57.166610
911.000000	57.172831
912.000000	57.179045
913.000000	57.185251
914.000000	57.191449
915.000000	57.197639
916.000000	57.203822
917.000000	57.209997
918.000000	57.216164
919.000000	57.222323
920.000000	57.228475
921.000000	57.234619
922.000000	57.240755
923.000000	57.246884
924.000000	57.253005
925.000000	57.259118
926.000000	57.265224
927.000000	57.271322
928.000000	57.277413
929.000000	57.283496
930.000000	57.289571
931.000000	57.295639
932.000000	57.301699
933.000000	57.307751
934.000000	57.313796
935.000000	57.319834
936.000000	57.325864
937.000000	57.331886
938.000000	57.337901
939.000000	57.343908
940.000000	57.349908
941.000000	57.355900
942.000000	57.361885
943.000000	57.367862
944.000000	57.373832
945.000000	57.379794
946.000000	57.385749
947.000000	57.391697
948.000000	57.397637
949.000000	57.403569
950.000000	57.409494
951.000000	57.415412
952.000000	57.421323
953.000000	57.427226
954.000000	57.433121
955.000000	57.439009
956.000000	57.444890
957.000000	57.450764
958.000000	57.456630
959.000000	57.462489
960.000000	57.468722
961.000000	57.474946
962.000000	57.481164
963.000000	57.487373
964.000000	57.493575
965.000000	57.499768
966.000000	57.505954
967.000000	57.512133
968.000000	57.518303
969.000000	57.524466
970.000000	57.530622
971.000000	57.536769
972.000000	57.542909
973.000000	57.549041
974.000000	57.555166
975.000000	57.561282
976.000000	57.567392
977.000000	57.573493
978.000000	57.579587
979.000000	57.585673
980.000000	57.591752
981.000000	57.597823
982.000000	57.603887
983.000000	57.609943
984.000000	57.615991
985.000000	57.622032
986.000000	57.628065
987.000000	57.634091
988.000000	57.640109
989.000000	57.646120
990.000000	57.652123
991.000000	57.658118
992.000000	57.664107
993.000000	57.670087
994.000000	57.676060
995.000000	57.682026
996.000000	57.687984
997.000000	57.693935
998.000000	57.699879
999.000000	57.705815
1000.000000	57.711743
1001.000000	57.717664
1002.000000	57.723578
1003.000000	57.729484
1004.000000	57.735383
1005.000000	57.741275
1006.000000	57.747159
1007.000000	57.753036
1008.000000	57.758905
1009.000000	57.764767
1010.000000	57.770622
1011.000000	57.776470
1012.000000	57.782310
1013.000000	57.788143
1014.000000	57.793969
1015.000000	57.799787
1016.000000	57.805598
1017.000000	57.811402
1018.000000	57.817198
1019.000000	57.822988
1020.000000	57.829025
1021.000000	57.835055
1022.000000	57.841077
1023.000000	57.847092
1024.000000	57.853099
1025.000000	57.859098
1026.000000	57.865091
1027.000000	57.871075
1028.000000	57.877052
1029.000000	57.883022
1030.000000	57.888984
1031.000000	57.894939
1032.000000	57.900886
1033.000000	57.906826
1034.000000	57.912759
1035.000000	57.918684
1036.000000	57.924602
1037.000000	57.930512
1038.000000	57.936415
1039.000000	57.942310
1040.000000	57.948198
1041.000000	57.954079
1042.000000	57.959953
1043.000000	57.965819
1044.000000	57.971678
1045.000000	57.977529
1046.000000	57.983373
1047.000000	57.989210
1048.000000	57.995039
1049.000000	58.000862
1050.000000	58.006677
1051.000000	58.012484
1052.000000	58.018285
1053.000000	58.024078
1054.000000	58.029864
1055.000000	58.035643
1056.000000	58.041414
1057.000000	58.047178
1058.000000	58.052935
1059.000000	58.058685
1060.000000	58.064428
1061.000000	58.070163
1062.000000	58.075892
1063.000000	58.081613
1064.000000	58.087327
1065.000000	58.093034
1066.000000	58.098733
1067.000000	58.104426
1068.000000	58.110112
1069.000000	58.115790
1070.000000	58.121461
1071.000000	58.127125
1072.000000	58.132783
1073.000000	58.138433
1074.000000	58.144076
1075.000000	58.149712
1076.000000	58.155340
1077.000000	58.160962
1078.000000	58.166577
1079.000000	58.172185
1080.000000	58.178670
1081.000000	58.185147
1082.000000	58.191616
1083.000000	58.198076
1084.000000	58.204529
1085.000000	58.210974
1086.000000	58.217410
1087.000000	58.223839
1088.000000	58.230259
1089.000000	58.236672
1090.000000	58.243076
1091.000000	58.249472
1092.000000	58.255861
1093.000000	58.262241
1094.000000	58.268614
1095.000000	58.274978
1096.000000	58.281335
1097.000000	58.287683
1098.000000	58.294024
1099.000000	58.300357
1100.000000	58.306682
1101.000000	58.312998
1102.000000	58.319307
1103.000000	58.325609
1104.000000	58.331902
1105.000000	58.338187
1106.000000	58.344465
1107.000000	58.350734
1108.000000	58.356996
1109.000000	58.363250
1110.000000	58.369496
1111.000000	58.375735
1112.000000	58.381965
1113.000000	58.388188
1114.000000	58.394403
1115.000000	58.400610
1116.000000	58.406810
1117.000000	58.413002
1118.000000	58.419186
1119.000000	58.425362
1120.000000	58.431531
1121.000000	58.437691
1122.000000	58.443845
1123.000000	58.449990
1124.000000	58.456128
1125.000000	58.462258
1126.000000	58.468380
1127.000000	58.474495
1128.000000	58.480602
1129.000000	58.486702
1130.000000	58.492794
1131.000000	58.498878
1132.000000	58.504955
1133.000000	58.511024
1134.000000	58.517085
1135.000000	58.523139
1136.000000	58.529185
1137.000000	58.535224
1138.000000	58.541255
1139.000000	58.547279
1140.000000	58.554166
1141.000000	58.561044
1142.000000	58.567914
1143.000000	58.574775
1144.000000	58.581627
1145.000000	58.588471
1146.000000	58.595307
1147.000000	58.602134
1148.000000	58.608952
1149.000000	58.615762
1150.000000	58.622563
1151.000000	58.629356
1152.000000	58.636140
1153.000000	58.642916
1154.000000	58.649683
1155.000000	58.656442
1156.000000	58.663193
1157.000000	58.669935
1158.000000	58.676668
1159.000000	58.683393
1160.000000	58.690110
1161.000000	58.696818
1162.000000	58.703518
1163.000000	58.710210
1164.000000	58.716893
1165.000000	58.723568
1166.000000	58.730234
1167.000000	58.736893
1168.000000	58.743543
1169.000000	58.750184
1170.000000	58.756817
1171.000000	58.763442
1172.000000	58.770059
1173.000000	58.776667
1174.000000	58.783268
1175.000000	58.789859
1176.000000	58.796443
1177.000000	58.803019
1178.000000	58.809586
1179.000000	58.816145
1180.000000	58.822696
1181.000000	58.829238
1182.000000	58.835773
1183.000000	58.842299
1184.000000	58.848817
1185.000000	58.855327
1186.000000	58.861829
1187.000000	58.868322
1188.000000	58.874808
1189.000000	58.881286
1190.000000	58.887755
1191.000000	58.894216
1192.000000	58.900669
1193.000000	58.907115
1194.000000	58.913552
1195.000000	58.919981
1196.000000	58.926402
1197.000000	58.932815
1198.000000	58.939220
1199.000000	58.945617
1200.000000	58.952113
1201.000000	58.958602
1202.000000	58.965082
1203.000000	58.971555
1204.000000	58.978019
1205.000000	58.984475
1206.000000	58.990923
1207.000000	58.997363
1208.000000	59.003795
1209.000000	59.010219
1210.000000	59.016635
1211.000000	59.023043
1212.000000	59.029443
1213.000000	59.035835
1214.000000	59.042219
1215.000000	59.048595
1216.000000	59.054963
1217.000000	59.061323
1218.000000	59.067675
1219.000000	59.074019
1220.000000	59.080355
1221.000000	59.086684
1222.000000	59.093004
1223.000000	59.099317
1224.000000	59.105621
1225.000000	59.111918
1226.000000	59.118207
1227.000000	59.124488
1228.000000	59.130761
1229.000000	59.137026
1230.000000	59.143284
1231.000000	59.149533
1232.000000	59.155775
1233.000000	59.162009
1234.000000	59.168235
1235.000000	59.174454
1236.000000	59.180664
1237.000000	59.186867
1238.000000	59.193062
1239.000000	59.199250
1240.000000	59.205429
1241.000000	59.211601
1242.000000	59.217766
1243.000000	59.223922
1244.000000	59.230071
1245.000000	59.236212
1246.000000	59.242346
1247.000000	59.248471
1248.000000	59.254590
1249.000000	59.260700
1250.000000	59.266803
1251.000000	59.272898
1252.000000	59.278986
1253.000000	59.285066
1254.000000	59.291138
1255.000000	59.297203
1256.000000	59.303260
1257.000000	59.309310
1258.000000	59.315352
1259.000000	59.321386
1260.000000	59.327164
1261.000000	59.332933
1262.000000	59.338696
1263.000000	59.344452
1264.000000	59.350200
1265.000000	59.355941
1266.000000	59.361675
1267.000000	59.367402
1268.000000	59.373121
1269.000000	59.378834
1270.000000	59.384539
1271.000000	59.390237
1272.000000	59.395928
1273.000000	59.401612
1274.000000	59.407289
1275.000000	59.412959
1276.000000	59.418622
1277.000000	59.424277
1278.000000	59.429926
1279.000000	59.435567
1280.000000	59.441201
1281.000000	59.446829
1282.000000	59.452449
1283.000000	59.458062
1284.000000	59.463669
1285.000000	59.469268
1286.000000	59.474860
1287.000000	59.480446
1288.000000	59.486024
1289.000000	59.491595
1290.000000	59.497160
1291.000000	59.502717
1292.000000	59.508267
1293.000000	59.513811
1294.000000	59.519348
1295.000000	59.524877
1296.000000	59.530400
1297.000000	59.535916
1298.000000	59.541425
1299.000000	59.546927
1300.000000	59.552422
1301.000000	59.557910
1302.000000	59.563392
1303.000000	59.568867
1304.000000	59.574334
1305.000000	59.579795
1306.000000	59.585249
1307.000000	59.590697
1308.000000	59.596137
1309.000000	59.601571
1310.000000	59.606998
1311.000000	59.612418
1312.000000	59.617831
1313.000000	59.623238
1314.000000	59.628638
1315.000000	59.634031
1316.000000	59.639417
1317.000000	59.644797
1318.000000	59.650169
1319.000000	59.655536
1320.000000	59.662242
1321.000000	59.668941
1322.000000	59.675631
1323.000000	59.682313
1324.000000	59.688986
1325.000000	59.695651
1326.000000	59.702308
1327.000000	59.708956
1328.000000	59.715596
1329.000000	59.722228
1330.000000	59.728851
1331.000000	59.735466
1332.000000	59.742073
1333.000000	59.748672
1334.000000	59.755262
1335.000000	59.761845
1336.000000	59.768419
1337.000000	59.774984
1338.000000	59.781542
1339.000000	59.788091
1340.000000	59.794632
1341.000000	59.801165
1342.000000	59.807690
1343.000000	59.814207
1344.000000	59.820715
1345.000000	59.827215
1346.000000	59.833708
1347.000000	59.840192
1348.000000	59.846668
1349.000000	59.853136
1350.000000	59.859595
1351.000000	59.866047
1352.000000	59.872491
1353.000000	59.878927
1354.000000	59.885354
1355.000000	59.891774
1356.000000	59.898185
1357.000000	59.904589
1358.000000	59.910984
1359.000000	59.917372
1360.000000	59.923751
1361.000000	59.930123
1362.000000	59.936486
1363.000000	59.942842
1364.000000	59.949190
1365.000000	59.955530
1366.000000	59.961861
1367.000000	59.968185
1368.000000	59.974501
1369.000000	59.980809
1370.000000	59.987110
1371.000000	59.993402
1372.000000	59.999686
1373.000000	60.005963
1374.000000	60.012232
1375.000000	60.018493
1376.000000	60.024746
1377.000000	60.030991
1378.000000	60.037229
1379.000000	60.043459
1380.000000	60.046755
1381.000000	60.050048
1382.000000	60.053337
1383.000000	60.056621
1384.000000	60.059901
1385.000000	60.063178
1386.000000	60.066450
1387.000000	60.069718
1388.000000	60.072982
1389.000000	60.076242
1390.000000	60.079497
1391.000000	60.082749
1392.000000	60.085997
1393.000000	60.089240
1394.000000	60.092480
1395.000000	60.095715
1396.000000	60.098947
1397.000000	60.102174
1398.000000	60.105398
1399.000000	60.108617
1400.000000	60.111832
1401.000000	60.115044
1402.000000	60.118251
1403.000000	60.121454
1404.000000	60.124654
1405.000000	60.127849
1406.000000	60.131040
1407.000000	60.134228
1408.000000	60.137411
1409.000000	60.140590
1410.000000	60.143766
1411.000000	60.146937
1412.000000	60.150104
1413.000000	60.153268
1414.000000	60.156427
1415.000000	60.159583
1416.000000	60.162735
1417.000000	60.165882
1418.000000	60.169026
1419.000000	60.172166
1420.000000	60.175302
1421.000000	60.178434
1422.000000	60.181562
1423.000000	60.184686
1424.000000	60.187806
1425.000000	60.190923
1426.000000	60.194035
1427.000000	60.197144
1428.000000	60.200248
1429.000000	60.203349
1430.000000	60.206446
1431.000000	60.209539
1432.000000	60.212628
1433.000000	60.215714
1434.000000	60.218795
1435.000000	60.221873
1436.000000	60.224947
1437.000000	60.228016
1438.000000	60.231083
1439.000000	60.234145
