1.000000	49.999059
2.000000	49.998328
3.000000	49.997809
4.000000	49.997500
5.000000	49.997404
6.000000	49.997519
7.000000	49.997846
8.000000	49.998386
9.000000	49.999139
10.000000	50.000105
11.000000	50.001284
12.000000	50.002676
13.000000	50.004283
14.000000	50.006104
15.000000	50.008139
16.000000	50.010389
17.000000	50.012854
18.000000	50.015534
19.000000	50.018430
20.000000	50.021542
21.000000	50.024871
22.000000	50.028415
23.000000	50.032177
24.000000	50.036156
25.000000	50.040352
26.000000	50.044766
27.000000	50.049398
28.000000	50.054248
29.000000	50.059316
30.000000	50.064604
31.000000	50.070111
32.000000	50.075837
33.000000	50.081783
34.000000	50.087949
35.000000	50.094336
36.000000	50.100943
37.000000	50.107771
38.000000	50.114821
39.000000	50.122092
40.000000	50.129585
41.000000	50.137300
42.000000	50.145237
43.000000	50.153397
44.000000	50.161781
45.000000	50.170388
46.000000	50.179218
47.000000	50.188272
48.000000	50.197551
49.000000	50.207054
50.000000	50.216783
51.000000	50.226736
52.000000	50.236915
53.000000	50.247319
54.000000	50.257950
55.000000	50.268807
56.000000	50.279891
57.000000	50.291202
58.000000	50.302740
59.000000	50.314506
60.000000	50.326703
61.000000	50.339126
62.000000	50.351776
63.000000	50.364652
64.000000	50.377755
65.000000	50.391086
66.000000	50.404644
67.000000	50.418430
68.000000	50.432444
69.000000	50.446687
70.000000	50.461158
71.000000	50.475859
72.000000	50.490789
73.000000	50.505948
74.000000	50.521338
75.000000	50.536958
76.000000	50.552808
77.000000	50.568889
78.000000	50.585202
79.000000	50.601746
80.000000	50.618522
81.000000	50.635529
82.000000	50.652770
83.000000	50.670243
84.000000	50.687948
85.000000	50.705888
86.000000	50.724060
87.000000	50.742467
88.000000	50.761108
89.000000	50.779983
90.000000	50.799093
91.000000	50.818438
92.000000	50.838019
93.000000	50.857835
94.000000	50.877888
95.000000	50.898176
96.000000	50.918701
97.000000	50.939464
98.000000	50.960463
99.000000	50.981700
100.000000	51.003175
101.000000	51.024888
102.000000	51.046839
103.000000	51.069029
104.000000	51.091458
105.000000	51.114127
106.000000	51.137035
107.000000	51.160183
108.000000	51.183571
109.000000	51.207200
110.000000	51.231070
111.000000	51.255181
112.000000	51.279534
113.000000	51.304128
114.000000	51.328965
115.000000	51.354044
116.000000	51.379365
117.000000	51.404930
118.000000	51.430738
119.000000	51.456790
120.000000	51.483850
121.000000	51.511152
122.000000	51.538694
123.000000	51.566478
124.000000	51.594504
125.000000	51.622772
126.000000	51.651282
127.000000	51.680035
128.000000	51.709031
129.000000	51.738270
130.000000	51.767753
131.000000	51.797479
132.000000	51.827450
133.000000	51.857665
134.000000	51.888124
135.000000	51.918829
136.000000	51.949779
137.000000	51.980974
138.000000	52.012416
139.000000	52.044103
140.000000	52.076037
141.000000	52.108218
142.000000	52.140645
143.000000	52.173320
144.000000	52.206243
145.000000	52.239413
146.000000	52.272832
147.000000	52.306499
148.000000	52.340415
149.000000	52.374580
150.000000	52.408995
151.000000	52.443659
152.000000	52.478573
153.000000	52.513737
154.000000	52.549152
155.000000	52.584818
156.000000	52.620735
157.000000	52.656903
158.000000	52.693323
159.000000	52.729995
160.000000	52.766919
161.000000	52.804096
162.000000	52.841526
163.000000	52.879209
164.000000	52.917145
165.000000	52.955335
166.000000	52.993780
167.000000	53.032478
168.000000	53.071431
169.000000	53.110640
170.000000	53.150103
171.000000	53.189822
172.000000	53.229797
173.000000	53.270027
174.000000	53.310515
175.000000	53.351259
176.000000	53.392260
177.000000	53.433518
178.000000	53.475033
179.000000	53.516807
180.000000	53.559448
181.000000	53.602335
182.000000	53.645468
183.000000	53.688847
184.000000	53.732472
185.000000	53.776345
186.000000	53.820464
187.000000	53.864831
188.000000	53.909445
189.000000	53.954307
190.000000	53.999417
191.000000	54.044776
192.000000	54.090382
193.000000	54.136238
194.000000	54.182342
195.000000	54.228696
196.000000	54.275299
197.000000	54.322151
198.000000	54.369254
199.000000	54.416607
200.000000	54.464210
201.000000	54.512064
202.000000	54.560169
203.000000	54.608525
204.000000	54.657132
205.000000	54.705991
206.000000	54.755101
207.000000	54.804464
208.000000	54.854079
209.000000	54.903947
210.000000	54.954067
211.000000	55.004440
212.000000	55.055067
213.000000	55.105947
214.000000	55.157081
215.000000	55.208469
216.000000	55.260111
217.000000	55.312008
218.000000	55.364159
219.000000	55.416565
220.000000	55.469226
221.000000	55.522143
222.000000	55.575315
223.000000	55.628744
224.000000	55.682428
225.000000	55.736369
226.000000	55.790566
227.000000	55.845020
228.000000	55.899731
229.000000	55.954699
230.000000	56.009925
231.000000	56.065409
232.000000	56.121150
233.000000	56.177150
234.000000	56.233408
235.000000	56.289925
236.000000	56.346701
237.000000	56.403736
238.000000	56.461030
239.000000	56.518584
240.000000	56.577301
241.000000	56.636259
242.000000	56.695461
243.000000	56.754905
244.000000	56.814593
245.000000	56.874523
246.000000	56.934698
247.000000	56.995115
248.000000	57.055776
249.000000	57.116682
250.000000	57.177831
251.000000	57.239224
252.000000	57.300862
253.000000	57.362745
254.000000	57.424872
255.000000	57.487244
256.000000	57.549861
257.000000	57.612723
258.000000	57.675831
259.000000	57.739185
260.000000	57.802784
261.000000	57.866629
262.000000	57.930720
263.000000	57.995057
264.000000	58.059641
265.000000	58.124472
266.000000	58.189549
267.000000	58.254873
268.000000	58.320444
269.000000	58.386262
270.000000	58.452328
271.000000	58.518641
272.000000	58.585202
273.000000	58.652011
274.000000	58.719068
275.000000	58.786373
276.000000	58.853927
277.000000	58.921729
278.000000	58.989780
279.000000	59.058079
280.000000	59.126628
281.000000	59.195426
282.000000	59.264473
283.000000	59.333770
284.000000	59.403316
285.000000	59.473112
286.000000	59.543158
287.000000	59.613454
288.000000	59.684001
289.000000	59.754797
290.000000	59.825845
291.000000	59.897143
292.000000	59.968692
293.000000	60.040492
294.000000	60.112544
295.000000	60.184847
296.000000	60.257401
297.000000	60.330207
298.000000	60.403264
299.000000	60.476574
300.000000	60.550355
301.000000	60.624386
302.000000	60.698667
303.000000	60.773198
304.000000	60.847979
305.000000	60.923010
306.000000	60.998292
307.000000	61.073825
308.000000	61.149608
309.000000	61.225642
310.000000	61.301927
311.000000	61.378463
312.000000	61.455251
313.000000	61.532290
314.000000	61.609581
315.000000	61.687123
316.000000	61.764917
317.000000	61.842963
318.000000	61.921261
319.000000	61.999812
320.000000	62.078615
321.000000	62.157670
322.000000	62.236979
323.000000	62.316540
324.000000	62.396353
325.000000	62.476420
326.000000	62.556741
327.000000	62.637314
328.000000	62.718141
329.000000	62.799222
330.000000	62.880556
331.000000	62.962144
332.000000	63.043986
333.000000	63.126083
334.000000	63.208433
335.000000	63.291038
336.000000	63.373898
337.000000	63.457012
338.000000	63.540380
339.000000	63.624004
340.000000	63.707883
341.000000	63.792017
342.000000	63.876406
343.000000	63.961051
344.000000	64.045951
345.000000	64.131106
346.000000	64.216518
347.000000	64.302185
348.000000	64.388108
349.000000	64.474288
350.000000	64.560724
351.000000	64.647416
352.000000	64.734364
353.000000	64.821569
354.000000	64.909031
355.000000	64.996750
356.000000	65.084726
357.000000	65.172959
358.000000	65.261449
359.000000	65.350196
360.000000	65.439296
361.000000	65.528647
362.000000	65.618249
363.000000	65.708102
364.000000	65.798207
365.000000	65.888564
366.000000	65.979173
367.000000	66.070033
368.000000	66.161145
369.000000	66.252509
370.000000	66.344126
371.000000	66.435994
372.000000	66.528115
373.000000	66.620488
374.000000	66.713114
375.000000	66.805992
376.000000	66.899123
377.000000	66.992507
378.000000	67.086143
379.000000	67.180033
380.000000	67.274175
381.000000	67.368571
382.000000	67.463220
383.000000	67.558122
384.000000	67.653278
385.000000	67.748687
386.000000	67.844350
387.000000	67.940266
388.000000	68.036436
389.000000	68.132860
390.000000	68.229538
391.000000	68.326469
392.000000	68.423655
393.000000	68.521095
394.000000	68.618790
395.000000	68.716739
396.000000	68.814942
397.000000	68.913399
398.000000	69.012111
399.000000	69.111078
400.000000	69.210300
401.000000	69.309776
402.000000	69.409508
403.000000	69.509494
404.000000	69.609735
405.000000	69.710232
406.000000	69.810983
407.000000	69.911990
408.000000	70.013253
409.000000	70.114770
410.000000	70.216544
411.000000	70.318573
412.000000	70.420857
413.000000	70.523397
414.000000	70.626193
415.000000	70.729245
416.000000	70.832553
417.000000	70.936117
418.000000	71.039937
419.000000	71.144013
420.000000	71.248733
421.000000	71.353698
422.000000	71.458908
423.000000	71.564364
424.000000	71.670066
425.000000	71.776013
426.000000	71.882206
427.000000	71.988645
428.000000	72.095330
429.000000	72.202261
430.000000	72.309437
431.000000	72.416859
432.000000	72.524528
433.000000	72.632442
434.000000	72.740603
435.000000	72.849009
436.000000	72.957662
437.000000	73.066561
438.000000	73.175706
439.000000	73.285097
440.000000	73.394735
441.000000	73.504619
442.000000	73.614749
443.000000	73.725126
444.000000	73.835749
445.000000	73.946618
446.000000	74.057734
447.000000	74.169097
448.000000	74.280706
449.000000	74.392562
450.000000	74.504664
451.000000	74.617013
452.000000	74.729609
453.000000	74.842451
454.000000	74.955540
455.000000	75.068876
456.000000	75.182459
457.000000	75.296288
458.000000	75.410364
459.000000	75.524687
460.000000	75.639257
461.000000	75.754074
462.000000	75.869138
463.000000	75.984449
464.000000	76.100006
465.000000	76.215811
466.000000	76.331863
467.000000	76.448162
468.000000	76.564708
469.000000	76.681501
470.000000	76.798541
471.000000	76.915828
472.000000	77.033362
473.000000	77.151143
474.000000	77.269172
475.000000	77.387448
476.000000	77.505971
477.000000	77.624741
478.000000	77.743758
479.000000	77.863023
480.000000	77.983062
481.000000	78.103328
482.000000	78.223820
483.000000	78.344538
484.000000	78.465484
485.000000	78.586655
486.000000	78.708053
487.000000	78.829678
488.000000	78.951528
489.000000	79.073605
490.000000	79.195909
491.000000	79.318439
492.000000	79.441195
493.000000	79.564177
494.000000	79.687386
495.000000	79.810821
496.000000	79.934482
497.000000	80.058369
498.000000	80.182482
499.000000	80.306821
500.000000	80.431387
501.000000	80.556178
502.000000	80.681196
503.000000	80.806439
504.000000	80.931909
505.000000	81.057604
506.000000	81.183525
507.000000	81.309672
508.000000	81.436045
509.000000	81.562643
510.000000	81.689468
511.000000	81.816518
512.000000	81.943793
513.000000	82.071295
514.000000	82.199021
515.000000	82.326974
516.000000	82.455152
517.000000	82.583555
518.000000	82.712184
519.000000	82.841038
520.000000	82.970118
521.000000	83.099422
522.000000	83.228952
523.000000	83.358708
524.000000	83.488688
525.000000	83.618894
526.000000	83.749325
527.000000	83.879980
528.000000	84.010861
529.000000	84.141967
530.000000	84.273297
531.000000	84.404853
532.000000	84.536633
533.000000	84.668638
534.000000	84.800868
535.000000	84.933322
536.000000	85.066001
537.000000	85.198904
538.000000	85.332033
539.000000	85.465385
540.000000	85.598597
541.000000	85.732005
542.000000	85.865609
543.000000	85.999409
544.000000	86.133404
545.000000	86.267596
546.000000	86.401982
547.000000	86.536565
548.000000	86.671342
549.000000	86.806316
550.000000	86.941484
551.000000	87.076847
552.000000	87.212406
553.000000	87.348159
554.000000	87.484107
555.000000	87.620251
556.000000	87.756588
557.000000	87.893121
558.000000	88.029848
559.000000	88.166769
560.000000	88.303885
561.000000	88.441195
562.000000	88.578699
563.000000	88.716397
564.000000	88.854290
565.000000	88.992376
566.000000	89.130655
567.000000	89.269129
568.000000	89.407796
569.000000	89.546657
570.000000	89.685711
571.000000	89.824958
572.000000	89.964399
573.000000	90.104032
574.000000	90.243859
575.000000	90.383879
576.000000	90.524091
577.000000	90.664496
578.000000	90.805094
579.000000	90.945884
580.000000	91.086867
581.000000	91.228042
582.000000	91.369409
583.000000	91.510968
584.000000	91.652720
585.000000	91.794663
586.000000	91.936798
587.000000	92.079125
588.000000	92.221643
589.000000	92.364353
590.000000	92.507254
591.000000	92.650346
592.000000	92.793630
593.000000	92.937105
594.000000	93.080770
595.000000	93.224627
596.000000	93.368674
597.000000	93.512912
598.000000	93.657340
599.000000	93.801959
600.000000	93.948901
601.000000	94.095975
602.000000	94.243183
603.000000	94.390523
604.000000	94.537996
605.000000	94.685601
606.000000	94.833339
607.000000	94.981209
608.000000	95.129211
609.000000	95.277345
610.000000	95.425610
611.000000	95.574008
612.000000	95.722536
613.000000	95.871196
614.000000	96.019988
615.000000	96.168910
616.000000	96.317963
617.000000	96.467147
618.000000	96.616462
619.000000	96.765907
620.000000	96.915483
621.000000	97.065189
622.000000	97.215025
623.000000	97.364991
624.000000	97.515087
625.000000	97.665312
626.000000	97.815667
627.000000	97.966151
628.000000	98.116765
629.000000	98.267507
630.000000	98.418379
631.000000	98.569379
632.000000	98.720508
633.000000	98.871766
634.000000	99.023151
635.000000	99.174666
636.000000	99.326308
637.000000	99.478078
638.000000	99.629976
639.000000	99.782001
640.000000	99.934154
641.000000	100.086435
642.000000	100.238842
643.000000	100.391377
644.000000	100.544038
645.000000	100.696827
646.000000	100.849742
647.000000	101.002783
648.000000	101.155951
649.000000	101.309245
650.000000	101.462664
651.000000	101.616210
652.000000	101.769881
653.000000	101.923678
654.000000	102.077601
655.000000	102.231648
656.000000	102.385821
657.000000	102.540119
658.000000	102.694541
659.000000	102.849089
660.000000	103.007315
661.000000	103.165585
662.000000	103.323899
663.000000	103.482256
664.000000	103.640657
665.000000	103.799100
666.000000	103.957587
667.000000	104.116117
668.000000	104.274690
669.000000	104.433305
670.000000	104.591963
671.000000	104.750664
672.000000	104.909406
673.000000	105.068191
674.000000	105.227018
675.000000	105.385887
676.000000	105.544798
677.000000	105.703750
678.000000	105.862744
679.000000	106.021779
680.000000	106.180856
681.000000	106.339974
682.000000	106.499133
683.000000	106.658332
684.000000	106.817573
685.000000	106.976854
686.000000	107.136175
687.000000	107.295537
688.000000	107.454940
689.000000	107.614382
690.000000	107.773864
691.000000	107.933387
692.000000	108.092948
693.000000	108.252550
694.000000	108.412191
695.000000	108.571871
696.000000	108.731591
697.000000	108.891349
698.000000	109.051147
699.000000	109.210983
700.000000	109.370858
701.000000	109.530772
702.000000	109.690724
703.000000	109.850714
704.000000	110.010742
705.000000	110.170809
706.000000	110.330913
707.000000	110.491055
708.000000	110.651235
709.000000	110.811452
710.000000	110.971707
711.000000	111.131999
712.000000	111.292327
713.000000	111.452693
714.000000	111.613096
715.000000	111.773536
716.000000	111.934012
717.000000	112.094524
718.000000	112.255073
719.000000	112.415658
720.000000	112.576712
721.000000	112.737771
722.000000	112.898836
723.000000	113.059906
724.000000	113.220982
725.000000	113.382062
726.000000	113.543147
727.000000	113.704237
728.000000	113.865331
729.000000	114.026431
730.000000	114.187534
731.000000	114.348642
732.000000	114.509755
733.000000	114.670871
734.000000	114.831992
735.000000	114.993116
736.000000	115.154245
737.000000	115.315377
738.000000	115.476512
739.000000	115.637652
740.000000	115.798794
741.000000	115.959940
742.000000	116.121090
743.000000	116.282242
744.000000	116.443397
745.000000	116.604555
746.000000	116.765716
747.000000	116.926880
748.000000	117.088046
749.000000	117.249215
750.000000	117.410386
751.000000	117.571559
752.000000	117.732735
753.000000	117.893912
754.000000	118.055091
755.000000	118.216273
756.000000	118.377456
757.000000	118.538640
758.000000	118.699826
759.000000	118.861014
760.000000	119.022202
761.000000	119.183392
762.000000	119.344584
763.000000	119.505776
764.000000	119.666968
765.000000	119.828162
766.000000	119.989356
767.000000	120.150551
768.000000	120.311747
769.000000	120.472942
770.000000	120.634138
771.000000	120.795334
772.000000	120.956530
773.000000	121.117726
774.000000	121.278922
775.000000	121.440118
776.000000	121.601313
777.000000	121.762508
778.000000	121.923702
779.000000	122.084895
780.000000	122.247101
781.000000	122.409305
782.000000	122.571508
783.000000	122.733709
784.000000	122.895909
785.000000	123.058106
786.000000	123.220301
787.000000	123.382494
788.000000	123.544685
789.000000	123.706873
790.000000	123.869059
791.000000	124.031242
792.000000	124.193423
793.000000	124.355601
794.000000	124.517776
795.000000	124.679947
796.000000	124.842116
797.000000	125.004282
798.000000	125.166444
799.000000	125.328603
800.000000	125.490758
801.000000	125.652909
802.000000	125.815057
803.000000	125.977201
804.000000	126.139341
805.000000	126.301477
806.000000	126.463608
807.000000	126.625736
808.000000	126.787859
809.000000	126.949977
810.000000	127.112091
811.000000	127.274201
812.000000	127.436305
813.000000	127.598405
814.000000	127.760499
815.000000	127.922589
816.000000	128.084673
817.000000	128.246752
818.000000	128.408825
819.000000	128.570893
820.000000	128.732956
821.000000	128.895012
822.000000	129.057063
823.000000	129.219108
824.000000	129.381146
825.000000	129.543179
826.000000	129.705205
827.000000	129.867225
828.000000	130.029239
829.000000	130.191246
830.000000	130.353246
831.000000	130.515239
832.000000	130.677226
833.000000	130.839205
834.000000	131.001178
835.000000	131.163143
836.000000	131.325101
837.000000	131.487052
838.000000	131.648995
839.000000	131.810930
840.000000	131.975492
841.000000	132.140023
842.000000	132.304525
843.000000	132.468998
844.000000	132.633440
845.000000	132.797853
846.000000	132.962236
847.000000	133.126589
848.000000	133.290911
849.000000	133.455204
850.000000	133.619466
851.000000	133.783697
852.000000	133.947899
853.000000	134.112070
854.000000	134.276210
855.000000	134.440320
856.000000	134.604399
857.000000	134.768447
858.000000	134.932464
859.000000	135.096451
860.000000	135.260406
861.000000	135.424330
862.000000	135.588223
863.000000	135.752085
864.000000	135.915915
865.000000	136.079714
866.000000	136.243482
867.000000	136.407218
868.000000	136.570922
869.000000	136.734594
870.000000	136.898235
871.000000	137.061844
872.000000	137.225421
873.000000	137.388966
874.000000	137.552479
875.000000	137.715959
876.000000	137.879408
877.000000	138.042824
878.000000	138.206208
879.000000	138.369559
880.000000	138.532877
881.000000	138.696163
882.000000	138.859417
883.000000	139.022637
884.000000	139.185825
885.000000	139.348980
886.000000	139.512101
887.000000	139.675190
888.000000	139.838246
889.000000	140.001268
890.000000	140.164257
891.000000	140.327212
892.000000	140.490134
893.000000	140.653023
894.000000	140.815878
895.000000	140.978699
896.000000	141.141487
897.000000	141.304241
898.000000	141.466960
899.000000	141.629646
900.000000	141.792298
901.000000	141.954916
902.000000	142.117499
903.000000	142.280048
904.000000	142.442563
905.000000	142.605043
906.000000	142.767489
907.000000	142.929901
908.000000	143.092277
909.000000	143.254619
910.000000	143.416926
911.000000	143.579199
912.000000	143.741436
913.000000	143.903638
914.000000	144.065805
915.000000	144.227937
916.000000	144.390034
917.000000	144.552096
918.000000	144.714122
919.000000	144.876113
920.000000	145.038068
921.000000	145.199987
922.000000	145.361871
923.000000	145.523719
924.000000	145.685532
925.000000	145.847308
926.000000	146.009048
927.000000	146.170753
928.000000	146.332421
929.000000	146.494053
930.000000	146.655649
931.000000	146.817208
932.000000	146.978731
933.000000	147.140218
934.000000	147.301668
935.000000	147.463082
936.000000	147.624458
937.000000	147.785798
938.000000	147.947101
939.000000	148.108368
940.000000	148.269597
941.000000	148.430789
942.000000	148.591944
943.000000	148.753062
944.000000	148.914143
945.000000	149.075186
946.000000	149.236192
947.000000	149.397160
948.000000	149.558091
949.000000	149.718984
950.000000	149.879840
951.000000	150.040658
952.000000	150.201438
953.000000	150.362180
954.000000	150.522884
955.000000	150.683550
956.000000	150.844177
957.000000	151.004767
958.000000	151.165318
959.000000	151.325832
960.000000	151.488022
961.000000	151.650165
962.000000	151.812261
963.000000	151.974310
964.000000	152.136312
965.000000	152.298267
966.000000	152.460174
967.000000	152.622034
968.000000	152.783847
969.000000	152.945612
970.000000	153.107329
971.000000	153.268999
972.000000	153.430622
973.000000	153.592196
974.000000	153.753723
975.000000	153.915202
976.000000	154.076634
977.000000	154.238017
978.000000	154.399352
979.000000	154.560640
980.000000	154.721879
981.000000	154.883070
982.000000	155.044213
983.000000	155.205308
984.000000	155.366354
985.000000	155.527352
986.000000	155.688301
987.000000	155.849202
988.000000	156.010055
989.000000	156.170858
990.000000	156.331614
991.000000	156.492320
992.000000	156.652978
993.000000	156.813587
994.000000	156.974146
995.000000	157.134657
996.000000	157.295119
997.000000	157.455532
998.000000	157.615896
999.000000	157.776211
1000.000000	157.936476
1001.000000	158.096692
1002.000000	158.256859
1003.000000	158.416976
1004.000000	158.577044
1005.000000	158.737063
1006.000000	158.897032
1007.000000	159.056951
1008.000000	159.216821
1009.000000	159.376640
1010.000000	159.536411
1011.000000	159.696131
1012.000000	159.855801
1013.000000	160.015422
1014.000000	160.174992
1015.000000	160.334512
1016.000000	160.493983
1017.000000	160.653403
1018.000000	160.812773
1019.000000	160.972092
1020.000000	161.132540
1021.000000	161.292937
1022.000000	161.453282
1023.000000	161.613576
1024.000000	161.773818
1025.000000	161.934008
1026.000000	162.094147
1027.000000	162.254234
1028.000000	162.414270
1029.000000	162.574254
1030.000000	162.734186
1031.000000	162.894066
1032.000000	163.053894
1033.000000	163.213670
1034.000000	163.373394
1035.000000	163.533065
1036.000000	163.692685
1037.000000	163.852253
1038.000000	164.011768
1039.000000	164.171231
1040.000000	164.330641
1041.000000	164.489999
1042.000000	164.649305
1043.000000	164.808558
1044.000000	164.967759
1045.000000	165.126907
1046.000000	165.286002
1047.000000	165.445045
1048.000000	165.604034
1049.000000	165.762971
1050.000000	165.921855
1051.000000	166.080686
1052.000000	166.239464
1053.000000	166.398190
1054.000000	166.556862
1055.000000	166.715480
1056.000000	166.874046
1057.000000	167.032559
1058.000000	167.191018
1059.000000	167.349423
1060.000000	167.507776
1061.000000	167.666075
1062.000000	167.824320
1063.000000	167.982512
1064.000000	168.140651
1065.000000	168.298735
1066.000000	168.456766
1067.000000	168.614744
1068.000000	168.772667
1069.000000	168.930537
1070.000000	169.088353
1071.000000	169.246115
1072.000000	169.403822
1073.000000	169.561476
1074.000000	169.719076
1075.000000	169.876622
1076.000000	170.034113
1077.000000	170.191550
1078.000000	170.348933
1079.000000	170.506262
1080.000000	170.667718
1081.000000	170.829124
1082.000000	170.990479
1083.000000	171.151784
1084.000000	171.313039
1085.000000	171.474243
1086.000000	171.635396
1087.000000	171.796499
1088.000000	171.957550
1089.000000	172.118551
1090.000000	172.279502
1091.000000	172.440401
1092.000000	172.601249
1093.000000	172.762046
1094.000000	172.922792
1095.000000	173.083487
1096.000000	173.244131
1097.000000	173.404723
1098.000000	173.565264
1099.000000	173.725754
1100.000000	173.886192
1101.000000	174.046579
1102.000000	174.206915
1103.000000	174.367198
1104.000000	174.527430
1105.000000	174.687610
1106.000000	174.847739
1107.000000	175.007816
1108.000000	175.167840
1109.000000	175.327813
1110.000000	175.487734
1111.000000	175.647603
1112.000000	175.807420
1113.000000	175.967184
1114.000000	176.126896
1115.000000	176.286556
1116.000000	176.446164
1117.000000	176.605720
1118.000000	176.765222
1119.000000	176.924673
1120.000000	177.084071
1121.000000	177.243416
1122.000000	177.402709
1123.000000	177.561949
1124.000000	177.721136
1125.000000	177.880270
1126.000000	178.039352
1127.000000	178.198380
1128.000000	178.357356
1129.000000	178.516278
1130.000000	178.675148
1131.000000	178.833964
1132.000000	178.992727
1133.000000	179.151437
1134.000000	179.310094
1135.000000	179.468697
1136.000000	179.627247
1137.000000	179.785743
1138.000000	179.944186
1139.000000	180.102576
1140.000000	180.265127
1141.000000	180.427629
1142.000000	180.590082
1143.000000	180.752485
1144.000000	180.914839
1145.000000	181.077143
1146.000000	181.239397
1147.000000	181.401602
1148.000000	181.563757
1149.000000	181.725862
1150.000000	181.887917
1151.000000	182.049922
1152.000000	182.211877
1153.000000	182.373782
1154.000000	182.535637
1155.000000	182.697442
1156.000000	182.859196
1157.000000	183.020900
1158.000000	183.182554
1159.000000	183.344157
1160.000000	183.505709
1161.000000	183.667211
1162.000000	183.828663
1163.000000	183.990063
1164.000000	184.151413
1165.000000	184.312712
1166.000000	184.473960
1167.000000	184.635157
1168.000000	184.796304
1169.000000	184.957399
1170.000000	185.118443
1171.000000	185.279435
1172.000000	185.440377
1173.000000	185.601267
1174.000000	185.762106
1175.000000	185.922894
1176.000000	186.083629
1177.000000	186.244314
1178.000000	186.404947
1179.000000	186.565528
1180.000000	186.726057
1181.000000	186.886535
1182.000000	187.046961
1183.000000	187.207335
1184.000000	187.367657
1185.000000	187.527927
1186.000000	187.688145
1187.000000	187.848311
1188.000000	188.008424
1189.000000	188.168486
1190.000000	188.328495
1191.000000	188.488451
1192.000000	188.648356
1193.000000	188.808208
1194.000000	188.968007
1195.000000	189.127754
1196.000000	189.287448
1197.000000	189.447089
1198.000000	189.606678
1199.000000	189.766214
1200.000000	189.926230
1201.000000	190.086202
1202.000000	190.246128
1203.000000	190.406009
1204.000000	190.565845
1205.000000	190.725635
1206.000000	190.885380
1207.000000	191.045079
1208.000000	191.204732
1209.000000	191.364340
1210.000000	191.523901
1211.000000	191.683417
1212.000000	191.842887
1213.000000	192.002311
1214.000000	192.161689
1215.000000	192.321021
1216.000000	192.480306
1217.000000	192.639546
1218.000000	192.798738
1219.000000	192.957885
1220.000000	193.116985
1221.000000	193.276038
1222.000000	193.435045
1223.000000	193.594005
1224.000000	193.752918
1225.000000	193.911785
1226.000000	194.070605
1227.000000	194.229377
1228.000000	194.388103
1229.000000	194.546781
1230.000000	194.705413
1231.000000	194.863997
1232.000000	195.022534
1233.000000	195.181023
1234.000000	195.339465
1235.000000	195.497860
1236.000000	195.656207
1237.000000	195.814506
1238.000000	195.972758
1239.000000	196.130962
1240.000000	196.289118
1241.000000	196.447227
1242.000000	196.605287
1243.000000	196.763299
1244.000000	196.921264
1245.000000	197.079180
1246.000000	197.237048
1247.000000	197.394867
1248.000000	197.552639
1249.000000	197.710362
1250.000000	197.868036
1251.000000	198.025662
1252.000000	198.183239
1253.000000	198.340768
1254.000000	198.498248
1255.000000	198.655679
1256.000000	198.813061
1257.000000	198.970395
1258.000000	199.127679
1259.000000	199.284915
1260.000000	199.440835
1261.000000	199.596707
1262.000000	199.752531
1263.000000	199.908307
1264.000000	200.064034
1265.000000	200.219714
1266.000000	200.375345
1267.000000	200.530927
1268.000000	200.686461
1269.000000	200.841947
1270.000000	200.997384
1271.000000	201.152772
1272.000000	201.308112
1273.000000	201.463402
1274.000000	201.618644
1275.000000	201.773837
1276.000000	201.928981
1277.000000	202.084076
1278.000000	202.239122
1279.000000	202.394118
1280.000000	202.549066
1281.000000	202.703964
1282.000000	202.858813
1283.000000	203.013612
1284.000000	203.168362
1285.000000	203.323062
1286.000000	203.477713
1287.000000	203.632314
1288.000000	203.786865
1289.000000	203.941367
1290.000000	204.095818
1291.000000	204.250220
1292.000000	204.404572
1293.000000	204.558874
1294.000000	204.713125
1295.000000	204.867327
1296.000000	205.021478
1297.000000	205.175579
1298.000000	205.329630
1299.000000	205.483631
1300.000000	205.637580
1301.000000	205.791480
1302.000000	205.945329
1303.000000	206.099127
1304.000000	206.252875
1305.000000	206.406571
1306.000000	206.560217
1307.000000	206.713813
1308.000000	206.867357
1309.000000	207.020850
1310.000000	207.174292
1311.000000	207.327683
1312.000000	207.481023
1313.000000	207.634312
1314.000000	207.787550
1315.000000	207.940736
1316.000000	208.093871
1317.000000	208.246954
1318.000000	208.399986
1319.000000	208.552966
1320.000000	208.712867
1321.000000	208.872719
1322.000000	209.032522
1323.000000	209.192275
1324.000000	209.351978
1325.000000	209.511632
1326.000000	209.671237
1327.000000	209.830792
1328.000000	209.990297
1329.000000	210.149752
1330.000000	210.309157
1331.000000	210.468512
1332.000000	210.627817
1333.000000	210.787073
1334.000000	210.946278
1335.000000	211.105432
1336.000000	211.264537
1337.000000	211.423591
1338.000000	211.582595
1339.000000	211.741548
1340.000000	211.900451
1341.000000	212.059303
1342.000000	212.218104
1343.000000	212.376855
1344.000000	212.535555
1345.000000	212.694204
1346.000000	212.852802
1347.000000	213.011350
1348.000000	213.169846
1349.000000	213.328291
1350.000000	213.486685
1351.000000	213.645027
1352.000000	213.803319
1353.000000	213.961559
1354.000000	214.119747
1355.000000	214.277884
1356.000000	214.435970
1357.000000	214.594004
1358.000000	214.751986
1359.000000	214.909916
1360.000000	215.067795
1361.000000	215.225622
1362.000000	215.383397
1363.000000	215.541120
1364.000000	215.698791
1365.000000	215.856409
1366.000000	216.013976
1367.000000	216.171490
1368.000000	216.328953
1369.000000	216.486362
1370.000000	216.643720
1371.000000	216.801025
1372.000000	216.958277
1373.000000	217.115477
1374.000000	217.272624
1375.000000	217.429718
1376.000000	217.586760
1377.000000	217.743749
1378.000000	217.900685
1379.000000	218.057568
1380.000000	218.198944
1381.000000	218.340341
1382.000000	218.481760
1383.000000	218.623199
1384.000000	218.764660
1385.000000	218.906141
1386.000000	219.047643
1387.000000	219.189165
1388.000000	219.330708
1389.000000	219.472271
1390.000000	219.613854
1391.000000	219.755456
1392.000000	219.897078
1393.000000	220.038719
1394.000000	220.180380
1395.000000	220.322060
1396.000000	220.463759
1397.000000	220.605476
1398.000000	220.747212
1399.000000	220.888967
1400.000000	221.030740
1401.000000	221.172531
1402.000000	221.314340
1403.000000	221.456166
1404.000000	221.598011
1405.000000	221.739872
1406.000000	221.881751
1407.000000	222.023648
1408.000000	222.165561
1409.000000	222.307491
1410.000000	222.449437
1411.000000	222.591400
1412.000000	222.733380
1413.000000	222.875375
1414.000000	223.017386
1415.000000	223.159414
1416.000000	223.301457
1417.000000	223.443515
1418.000000	223.585589
1419.000000	223.727678
1420.000000	223.869782
1421.000000	224.011901
1422.000000	224.154034
1423.000000	224.296182
1424.000000	224.438345
1425.000000	224.580521
1426.000000	224.722712
1427.000000	224.864916
1428.000000	225.007135
1429.000000	225.149367
1430.000000	225.291612
1431.000000	225.433870
1432.000000	225.576142
1433.000000	225.718426
1434.000000	225.860724
1435.000000	226.003034
1436.000000	226.145356
1437.000000	226.287691
1438.000000	226.430038
1439.000000	226.572397
1440.000000	226.712830
